143588
181473
158267
127160
189485
135417
133946
104263
157407
160956
155076
164611
127563
135016
199991
147090
178471
153225
193881
164697
159717
159487
171601
171770
144762
150946
195261
196812
102900
103558
117919
122157
116895
187231
126300
160102
129157
174763
130909
104080
187537
130391
153961
139892
184638
137140
174093
110679
140482
110913
151822
167027
152043
167966
169822
173250
169561
120796
187106
166542
119625
118457
182002
137109
139565
192708
148955
183417
111023
121104
122513
189715
173900
168241
161069
162135
190069
196777
155616
163062
135228
185959
107557
197228
190322
114340
166419
166343
140354
149328
154296
123629
104625
119375
166142
162358
113352
190822
167688
182425