3766 2812
3757 2567
3904 2970
3777 2534
3814 2614
3843 3032
3663 3144
3508 2707
3915 3224
3729 2932
3877 3381
3641 3342
3702 2697
3529 3275
3911 2549
3707 2700
3511 3007
3802 3197
3827 3004
3618 3272
3555 3251
3939 2576
3724 3384
3754 2652
3786 2530
3797 2770
3716 3240
3943 3308
3593 2550
3935 3023
3658 3084
3869 3047
3597 2680
3902 3114
3743 3132
3875 3181
3811 2679
3923 2702
3889 2656
3551 2867
3771 2866
3649 2579
3696 2504
3924 3269
3679 2753
3735 3385
3592 3336
3574 2621
3951 3380
3908 3445
3739 3097
3616 3163
3645 2623
3758 2649
3992 2750
3893 3195
3861 2860
3882 3284
3639 3096
3872 2664
3810 2524
3621 3439
3874 2940
3806 2902
3672 2856
3826 3188
3744 2792
3736 2509
3759 3210
3554 3205
4000 3120
3549 3067
3864 2908
3971 3388
3731 3466
3705 3017
3569 2595
3560 3431
3977 3480
3636 2705
3700 3702
3835 2574
3543 2667
3712 3332
3539 3087
3690 2737
3643 2796
3632 2694
3956 2591
3652 3415
3778 2688
3887 3293
3626 2572
7202 3602
3668 2811
3659 2980
3931 3311
3849 3345
3646 2734
3825 2754
3688 2894
3954 2704
3913 2719
3783 2822
3990 3262
3661 3434
3823 2578
3775 2683
3689 2681
3862 3359
3536 3027
3704 3153
3514 2625
3599 2818
3728 2657
3901 3039
3710 3350
3785 2650
3952 2998
3510 2648
3580 2984
3841 3396
3989 3081
3926 3165
3978 3484
3748 2779
3752 3355
3624 3354
3984 3028
3608 2957
3579 3410
3504 3186
3955 3215
3793 2619
3662 2749
3852 2910
3512 2696
3538 2983
3619 3477
3670 2577
3788 3192
3726 2901
3607 2848
3829 2674
3721 3364
3594 2938
3533 2919
3815 3142
3530 2672
3741 3223
3697 2644
3840 2527
3664 2522
3996 3234
3630 2821
3991 3100
3588 2791
3737 3048
3792 3133
3725 2803
3828 2678
3655 3343
3768 3006
3813 3288
3589 3176
3873 3454
3884 3086
3897 2518
3622 2682
3585 2801
3727 3418
3540 2802
3987 3147
3650 2982
3784 3392
3847 2763
3881 2805
3819 2620
3969 3303
3854 2743
3526 3493
3832 2691
3534 2616
3975 3289
3745 3207
3983 3473
3856 3011
3756 2958
3542 2975
3746 3013
3837 2744
3553 2839
3834 3050
3527 3444
3558 2546
3567 2617
3648 2647
3502 3321
3791 3075
3576 2628
3566 2851
3796 2849
3774 3407
3965 2925
3692 2573
3706 3140
3763 3062
3568 2914
3610 3281
3932 2536
3920 3453
3605 3325
3565 2668
3675 3231
3950 3199
3994 3420
3521 2790
3686 2905
3816 2516
3709 3487
3962 2505
3807 3413
3871 2764
3879 2933
3637 2881
3790 2611
3899 2775
3665 2968
3515 2612
3812 3297
3795 3245
3970 2523
3940 2959
3999 3463
3976 3432
3673 3383
3730 2562
3660 3348
3638 3127
3870 3369
3762 2930
3888 2566
3967 3277
3563 3137
3906 3264
3700 3700
3800 3291
3966 2877
3682 2548
3760 2693
3769 3152
3905 3468
3930 2765
3517 3014
3620 2720
3929 2535
3985 3328
3947 2767
3883 2511
3678 2601
3578 2533
3770 3282
3602 3346
3695 3102
3575 2718
3863 3408
3776 2838
3640 3395
3945 3470
3942 2969
3817 2843
3995 3156
3818 2943
3938 2974
3615 3227
3773 3405
3528 2556
3700 2852
3798 2871
3720 2795
3611 3331
3903 3184
3912 2922
3562 3252
3976 1989
3520 2613
3627 2596
3742 3155
3876 3174
3751 3494
3667 3209
3718 2854
3980 2781
3894 2870
3844 2773
3635 2626
10 10
3613 3225
3927 2927
3898 3476
3561 2514
3803 2824
3582 2918
3572 2755
3921 3146
3866 3060
3886 3089
3711 3286
3936 2761
3590 3025
3596 2520
3960 2772
3808 2641
3564 3351
3614 3298
3505 2665
3606 3119
3691 3250
3822 3158
3617 2541
3772 2836
7200 3601
3700 3701
3570 2654
3547 2899
3850 2508
3917 2581
3896 2608
3708 2699
3548 3070
3805 3151
3820 2917
3890 2864
3842 3229
3698 3143
3693 2501
3740 3422
3669 3481
3907 3216
3699 3256
3972 3450
3878 3021
3552 2512
3914 3411
3781 2627
3525 3426
3968 2745
3583 3310
3949 2658
3531 3322
3509 3324
3851 2564
3600 2557
3928 3134
3880 2939
3714 3353
3789 3306
3957 2808
3625 2993
3631 3357
3604 2714
3846 2673
3909 3341
3674 3123
3910 3363
3838 2552
3666 2741
3831 3372
3633 3491
3779 2966
3867 3441
3556 3118
3848 3455
3642 2733
3519 3417
3581 3036
3799 2506
3584 3026
3855 3178
3722 3239
3601 3159
3524 2948
3535 2653
3523 3446
3858 2542
3507 2942
3753 2827
3937 2725
3780 3419
3715 3122
3892 2897
3885 2615
3544 2685
3559 3313
3717 3437
3836 3459
3767 3193
3809 3064
3865 2554
3506 3316
3644 2863
3961 3001
3833 2787
3680 2858
3557 3500
3677 2634
3654 2886
3993 3440
3595 3189
3959 3464
3963 2670
3761 3204
3685 3373
3974 2885
3546 3196
3683 2758
3941 2891
3830 3018
3623 2606
3845 2916
3501 3237
3750 3020
3591 3352
7198 3600
3986 3489
3948 3326
3958 2540
3703 3053
3964 2991
3687 3435
3587 3115
3765 2561
3532 2632
3723 2677
3891 3305
3918 3058
3647 3139
3550 2684
3900 3042
3713 3339
3946 3442
3747 2531
3981 3485
3919 2580
3612 2706
3794 3433
3916 3177
3988 2947
3701 3059
3734 3498
3944 2798
3859 2584
3982 2861
3513 3261
3733 2967
3821 2545
3755 2965
3719 3226
3749 3462
3634 3101
3681 3360
3522 2583
3801 2813
3586 3136
3804 3430
3973 3022
3609 2676
3824 2825
3656 3317
3516 2568
3628 3337
3787 3005
3925 3172
3934 2895
3853 3217
3998 3406
3860 3278
3857 2935
3503 3009
3537 3370
3694 3063
3545 3356
3651 3276
3997 2553
3573 2835
3598 2748
3657 3447
3684 3088
3839 2570
3922 3175
3764 3492
3676 2716
3732 2865
3629 2937
3671 2777
3518 2994
3868 3279
3571 3110
3541 2502
3933 2610
3577 2776
3603 3124