27287918
27794847
27311270
27835942
27914329
27796774
27954688
27230465
27648485
27429045
27124549
27433266
27766940
27745223
27839944
27179072
27315193
27544909
27250125
27017713
27274374
27131383
27370499
27282672
27978011
27177181
27514012
27612205
27534361
27667131
27046229
27302659
27650900
27706220
27152119
27085380
27360265
27141184
27734883
27291750
27911587
27836534
27976464
27424754
27576287
27023895
27730528
27286774
27154380
27951111
27761572
27122838
27018098
27898507
27061477
27260848
27099519
27638452
27454478
27291365
27218794
27483565
27474386
27916670
27036817
27642453
27205216
27822189
27632673
27961381
27696901
27782818
27484211
27748802
27999024
27597387
27389235
27171778
27567924
27099553
27583841
27456033
27330833
27406181
27734992
27370957
27494061
27855297
27547959
27596735
27660262
27807959
27275549
27038775
27666733
27023827
27528133
27038033
27731296
27932591
27917245
27715532
27542815
27241444
27780590
27319460
27385919
27398708
27930659
27743478
27991161
27430749
27137709
27118861
27519334
27523948
27445315
27879939
27712151
27148814
27409324
27467777
27095638
27150114
27955642
27847293
27091964
27359480
27236753
27497813
27671278
27894545
27896781
27018414
27120905
27615590
27689106
27189375
27301639
27575580
27512299
27804020
27051083
27456628
27454664
27049751
27814706
27624993
27698170
27902942
27658769
27379978
27435513
27795547
27278626
27213319
27179454
27566223
27319123
27978907
27345876
27061411
27398986
27430634
27326691
27745117
27718865
27356921
27986578
27452488
27765560
27325491
27073419
27023331
27252877
27989166
27427768
27621699
27508576
27995840
27814973
27325449
27970826
27166996
27364136
27426167
27040633
27319743
27336392
27751809
27920394
27619896
27014708
27928134
27648160
27607662
27097014
27584558
27245647
27823554
27387277
27494847
27171910
27356365
27188034
27326286
27151431
27054562
27266720
27880197
27955545
27387597
27661432
27828098
27174039
27730485
27317392
27388424
27623785
27076350
27756298
27475247
27213392
27414431
27699420
27660578
27551715
27195665
27458426
27979880
27754875
27528272
27719658
27378692
27392705
27180272
27823214
27015396
27139583
27794203
27709513
27468575
27968753
27792332
27833620
27730074
27019171
27715076
27489523
27271598
27699236
27617801
27015007
27082229
27792537
27190544
27023970
27963900
27653502
27720924
27428184
27392849
27177887
27478419
27946066
27277828
27190478
27957819
27826792
27665643
27925028
27955563
27732910
27023812
27148527
27577361
27501563
27105541
27045862
27638298
27156093
27421805
27613207
27318855
27933619
27170409
27307858
27962378
27486408
27187123
27170665
27633231
27306806
27168061
27584172
27268914
27215680
27309636
27302883
27912656
27583699
27951149
27018769
27838538
27908541
27589851
27052565
27328646
27323982
27236465
27192825
27693568
27054716
27019308
27995515
27948828
27463013
27563182
27286605
27454489
27894345
27749792
27515527
27684419
27119699
27047155
27166736
27286351
27207730
27085726
27308176
27979939
27107597
27180110
27203596
27276192
27023300
27885514
27239870
27032659
27929933
27061365
27549294
27051716
27326530
27278701
27929189
27333494
27604868
27288784
27271438
27906589
27676806
27740567
27616679
27714165
27923917
27341519
27866703
27061072
27870251
27348336
27367789
27726482
27870350
27441327
27903729
27736943
27208591
27735020
27717818
27271497
27747649
27022657
27598918
27598951
27740214
27728318
27376586
27534803
27051860
27887458
27929338
27054170
27267457
27233368
27545935
27652252
27829412
27874612
27838907
27237153
27751251
27668968
27737173
27536023
27520645
27372935
27641703
27853943
27475285
27298490
27886996
27884040
27730901
27596669
27781177
27014169
27672501
27766226
27957804
27637419
27894179
27809262
27747473
27666740
27593212
27666806
27107581
27805258
27688949
27039512
27887979
27395030
27621461
27563937
27458085
27757789
27799515
27081546
27042096
27233123
27690012
27670677
27756194
27132756
27827820
27179385
27777133
27037012
27545221
27482769
27177865
27947519
27948700
27213804
27528141
27849786
27537679
27442209
27919910
27875814
27690321
27554926
27482631
27109838
27106646
27019124
27075966
27239466
27053855
27703938
27643296
27774563
27171020
27023795
27888405
27282725
27926158
27338740
27987178
27389847
27726780
27369954
27533611
27463076
27106952
27441455
27428559
27178332
27422660
27397223
27165467
27643727
27916674
27464733
27161772
27987637
27826343
27252663
27265095
27963437
27603442
27206056
27613064
27789750
27851078
27654366
27427567
27631903