9057
1810
6225
9166
3605
3206
3361
3402
4726
4278
9235
3158
3158
5846
6459
2422
2674
2747
6987
9587
3577
1054
2446
2478
4478
7423
2818
6034
6295
4143
1521
6599
6174
3042
6176
7776
1866
4015
9166
3882
2726
4261
4611
9078
3826
3020
4807
6123
1319
9638
7541
1252
2751
1666
4891
2604
7436
8062
2212
4811
3649
2700
7770
6160
6601
3379
6145
9171
9805
8631
5296
8103
5124
4182
3977
6743
7170
9722
9158
9295
3334
9724
6760
1885
1364
7177
6326
3538
3408
8749
5276
9350
8733
8731
2404
2789
5715
2758
5060
5356
5040
1196
6823
3339
9570
2987
2104
2366
9966
7887
8474
9643
7986
9613
3484
8203
7520
2231
9963
8183
6330
7693
4638
6257
2843
3814
9315
8272
2906
6434
3332
9792
2995
1044
5752
3053
7668
8237
2585
9075
1052
3089
7368
2366
6650
4220
3327
1487
9424
1073
1594
8820
3601
1005
2855
3221
3067
2274
3359
4660
9432
6933
8417
5807
9107
8989
1664
3166
7798
3489
8897
1099
6681
3673
9812
2043
9374
9692
7476
5314
4209
2814
5346
9668
7563
5800
8539
8372
9674
4544
3260
5813
3433
8723
4228
7275
7191
2417
1392
8210