1000 1005 1007 1000
5082 1009 1004 1007
5670 1004 1009 1008
1003 4715 1008 1006
1008 1002 1000 1002
1008 1009 1004 1002
1002 1009 9125 1003
1002 1007 1001 1003
1002 8848 1000 1000
1000 1003 1004 1002
1001 1003 1005 1001
1000 7095 1003 1008
1008 9683 1002 1009
4330 1009 1000 1000
1003 1000 1004 1008
1003 1002 1002 1003
1002 1003 9674 1009
1001 1002 1003 1003
1004 1006 1003 1007
9696 1007 1006 1007
1003 1003 1003 1001
1004 1005 1000 1006
1008 1007 1004 1006
1000 1004 1001 1004
9267 1009 1007 1008
1003 1006 2020 1009
1000 9610 1003 1002
1006 1004 1004 1002
2196 1005 9218 1003
2467 1000 1004 1007
1002 1001 1003 1003
1006 1002 1007 1001
1007 1008 1006 1008
1007 1006 1007 1009
1002 1001 1001 1003
1008 1003 1003 1007
1007 1000 1006 1003
1003 1003 1005 1005
1007 1002 1005 1009
1009 1008 1006 1002
1008 1000 1006 1007
1004 1001 1009 3110
1004 1000 1000 1001
1000 1000 1002 1005
1007 1002 1008 1002
6108 1004 1002 3461
1009 1004 1003 1009
1008 3255 1003 1001
1008 1009 1003 1009
1004 1000 1000 1001