88 55 94 97
33 35 47 24
63 81 99 76
89 18 33 74
84 52 16 11
98 49 53 22
54 30 11 78
31 60 61 94
40 24 19 51
93 14 79 30
61 19 34 45
25 20 86 58
29 35 32 76
72 75 90 94
15 32 82 92
27 27 12 78
97 26 37 18
28 87 13 56
21 83 31 70
98 47 49 63
55 44 68 28
23 30 11 85
56 83 36 24
86 38 29 50
56 83 80 10
37 92 91 14
25 25 35 57
28 46 16 25
42 62 80 29
10 76 34 78
19 74 45 71
42 58 33 35
28 17 34 57
13 43 13 24
58 18 46 15
32 89 88 49
15 36 59 90
62 95 48 23
14 41 57 66
77 18 80 87
52 72 10 69
62 39 44 75
96 10 83 56
82 87 85 81
43 92 71 90
73 12 79 86
30 17 12 34
41 46 34 67
38 95 91 89
97 67 66 67
72 59 48 98
17 21 35 87
49 22 81 73
26 82 77 41
19 59 66 32
55 82 95 62
52 70 47 54
42 85 68 78
50 77 60 89
22 26 37 74
20 51 36 25
73 88 99 37
61 39 52 11
75 93 18 24
15 29 51 64
76 74 20 20
79 53 60 45
33 40 67 40
90 31 86 21
30 48 36 99
91 48 23 13
64 43 65 39
93 81 71 42
98 40 85 43
57 68 14 69
97 70 50 38
27 99 84 32
47 23 59 27
37 13 27 26
21 91 21 16
75 70 73 33
31 41 46 51
93 31 17 40
69 96 39 61
28 53 63 53
94 22 77 41
44 64 80 26
58 64 46 23
17 65 11 96
84 54 15 16
22 44 45 95
12 65 39 44
20 12 84 45
65 16 43 50
19 54 71 29
88 55 69 38
60 72 36 92
42 38 66 14
96 79 63 68